(kicad_pcb (version 20171130) (host pcbnew 5.1.10)

  (general
    (thickness 1.6)
    (drawings 15)
    (tracks 37)
    (zones 0)
    (modules 13)
    (nets 7)
  )

  (page A4)
  (layers
    (0 F.Cu signal)
    (31 B.Cu signal)
    (32 B.Adhes user)
    (33 F.Adhes user)
    (34 B.Paste user)
    (35 F.Paste user)
    (36 B.SilkS user)
    (37 F.SilkS user)
    (38 B.Mask user)
    (39 F.Mask user)
    (40 Dwgs.User user)
    (41 Cmts.User user)
    (42 Eco1.User user)
    (43 Eco2.User user)
    (44 Edge.Cuts user)
    (45 Margin user)
    (46 B.CrtYd user)
    (47 F.CrtYd user)
    (48 B.Fab user)
    (49 F.Fab user)
  )

  (setup
    (last_trace_width 0.5)
    (user_trace_width 0.5)
    (trace_clearance 0.2)
    (zone_clearance 0.508)
    (zone_45_only no)
    (trace_min 0.2)
    (via_size 0.8)
    (via_drill 0.4)
    (via_min_size 0.4)
    (via_min_drill 0.3)
    (uvia_size 0.3)
    (uvia_drill 0.1)
    (uvias_allowed no)
    (uvia_min_size 0.2)
    (uvia_min_drill 0.1)
    (edge_width 0.05)
    (segment_width 0.2)
    (pcb_text_width 0.3)
    (pcb_text_size 1.5 1.5)
    (mod_edge_width 0.12)
    (mod_text_size 1 1)
    (mod_text_width 0.15)
    (pad_size 1.524 1.524)
    (pad_drill 0.762)
    (pad_to_mask_clearance 0)
    (aux_axis_origin 0 0)
    (grid_origin 137.16 95.25)
    (visible_elements FFFFFF7F)
    (pcbplotparams
      (layerselection 0x010f0_ffffffff)
      (usegerberextensions false)
      (usegerberattributes true)
      (usegerberadvancedattributes true)
      (creategerberjobfile true)
      (excludeedgelayer true)
      (linewidth 0.100000)
      (plotframeref false)
      (viasonmask false)
      (mode 1)
      (useauxorigin false)
      (hpglpennumber 1)
      (hpglpenspeed 20)
      (hpglpendiameter 15.000000)
      (psnegative false)
      (psa4output false)
      (plotreference true)
      (plotvalue true)
      (plotinvisibletext false)
      (padsonsilk false)
      (subtractmaskfromsilk false)
      (outputformat 1)
      (mirror false)
      (drillshape 0)
      (scaleselection 1)
      (outputdirectory ""))
  )

  (net 0 "")
  (net 1 "Net-(C101-Pad1)")
  (net 2 "Net-(C101-Pad2)")
  (net 3 "Net-(C104-Pad1)")
  (net 4 GND)
  (net 5 "Net-(C1-Pad2)")
  (net 6 "Net-(C1-Pad1)")

  (net_class Default "This is the default net class."
    (clearance 0.2)
    (trace_width 0.25)
    (via_dia 0.8)
    (via_drill 0.4)
    (uvia_dia 0.3)
    (uvia_drill 0.1)
    (add_net GND)
    (add_net "Net-(C1-Pad1)")
    (add_net "Net-(C1-Pad2)")
    (add_net "Net-(C101-Pad1)")
    (add_net "Net-(C101-Pad2)")
    (add_net "Net-(C104-Pad1)")
  )

  (module Inductor_THT:L_Toroid_Horizontal_D9.5mm_P15.00mm_Diameter10-5mm_Amidon-T37 (layer B.Cu) (tedit 5AE59B06) (tstamp 60CA6CAC)
    (at 170.18 77.47 270)
    (descr "L_Toroid, Horizontal series, Radial, pin pitch=15.00mm, , diameter=9.524999999999999mm, Diameter10-5mm, Amidon-T37")
    (tags "L_Toroid Horizontal series Radial pin pitch 15.00mm  diameter 9.524999999999999mm Diameter10-5mm Amidon-T37")
    (path /60DD4EB1)
    (fp_text reference L1 (at 13.335 2.54) (layer B.SilkS)
      (effects (font (size 1 1) (thickness 0.15)) (justify mirror))
    )
    (fp_text value 0 (at 7.5 -6.0125 270) (layer B.Fab)
      (effects (font (size 1 1) (thickness 0.15)) (justify mirror))
    )
    (fp_text user %R (at 7.5 0 270) (layer B.Fab)
      (effects (font (size 1 1) (thickness 0.15)) (justify mirror))
    )
    (fp_arc (start 7.5 0) (end 2.840901 -1.46) (angle 145.20164) (layer B.SilkS) (width 0.12))
    (fp_arc (start 7.5 0) (end 2.840901 1.46) (angle -145.20164) (layer B.SilkS) (width 0.12))
    (fp_circle (center 7.5 0) (end 12.2625 0) (layer B.Fab) (width 0.1))
    (fp_circle (center 7.5 0) (end 10.1035 0) (layer B.Fab) (width 0.1))
    (fp_circle (center 7.5 0) (end 9.9835 0) (layer B.SilkS) (width 0.12))
    (fp_line (start 12.28485 0) (end 9.946859 -0.655614) (layer B.Fab) (width 0.1))
    (fp_line (start 11.643839 -2.392361) (end 9.291263 -1.79118) (layer B.Fab) (width 0.1))
    (fp_line (start 9.892553 -4.143728) (end 8.155727 -2.446829) (layer B.Fab) (width 0.1))
    (fp_line (start 7.500222 -4.78485) (end 6.8445 -2.44689) (layer B.Fab) (width 0.1))
    (fp_line (start 5.107831 -4.143949) (end 5.708903 -1.791346) (layer B.Fab) (width 0.1))
    (fp_line (start 3.356383 -2.392745) (end 5.053201 -0.65584) (layer B.Fab) (width 0.1))
    (fp_line (start 2.71515 -0.000443) (end 5.05308 0.655387) (layer B.Fab) (width 0.1))
    (fp_line (start 3.35594 2.391977) (end 5.708571 1.791014) (layer B.Fab) (width 0.1))
    (fp_line (start 5.107063 4.143506) (end 6.844046 2.446768) (layer B.Fab) (width 0.1))
    (fp_line (start 7.499335 4.78485) (end 8.155274 2.44695) (layer B.Fab) (width 0.1))
    (fp_line (start 9.891785 4.144171) (end 9.290931 1.791512) (layer B.Fab) (width 0.1))
    (fp_line (start 11.643395 2.393129) (end 9.946738 0.656067) (layer B.Fab) (width 0.1))
    (fp_line (start 12.28485 0.000887) (end 9.946981 -0.65516) (layer B.Fab) (width 0.1))
    (fp_line (start -1.45 5.02) (end -1.45 -5.02) (layer B.CrtYd) (width 0.05))
    (fp_line (start -1.45 -5.02) (end 16.45 -5.02) (layer B.CrtYd) (width 0.05))
    (fp_line (start 16.45 -5.02) (end 16.45 5.02) (layer B.CrtYd) (width 0.05))
    (fp_line (start 16.45 5.02) (end -1.45 5.02) (layer B.CrtYd) (width 0.05))
    (pad 2 thru_hole circle (at 15 0 270) (size 2.4 2.4) (drill 1.2) (layers *.Cu *.Mask)
      (net 5 "Net-(C1-Pad2)"))
    (pad 1 thru_hole circle (at 0 0 270) (size 2.4 2.4) (drill 1.2) (layers *.Cu *.Mask)
      (net 6 "Net-(C1-Pad1)"))
    (model ${KISYS3DMOD}/Inductor_THT.3dshapes/L_Toroid_Horizontal_D9.5mm_P15.00mm_Diameter10-5mm_Amidon-T37.wrl
      (at (xyz 0 0 0))
      (scale (xyz 1 1 1))
      (rotate (xyz 0 0 0))
    )
  )

  (module Capacitor_SMD:C_0805_2012Metric_Pad1.18x1.45mm_HandSolder (layer F.Cu) (tedit 5F68FEEF) (tstamp 60CA6BD3)
    (at 168.91 85.09 270)
    (descr "Capacitor SMD 0805 (2012 Metric), square (rectangular) end terminal, IPC_7351 nominal with elongated pad for handsoldering. (Body size source: IPC-SM-782 page 76, https://www.pcb-3d.com/wordpress/wp-content/uploads/ipc-sm-782a_amendment_1_and_2.pdf, https://docs.google.com/spreadsheets/d/1BsfQQcO9C6DZCsRaXUlFlo91Tg2WpOkGARC1WS5S8t0/edit?usp=sharing), generated with kicad-footprint-generator")
    (tags "capacitor handsolder")
    (path /60DD4EBD)
    (attr smd)
    (fp_text reference C2 (at 0 -1.68 90) (layer F.SilkS) hide
      (effects (font (size 1 1) (thickness 0.15)))
    )
    (fp_text value 0 (at 0 1.68 90) (layer F.Fab)
      (effects (font (size 1 1) (thickness 0.15)))
    )
    (fp_line (start 1.88 0.98) (end -1.88 0.98) (layer F.CrtYd) (width 0.05))
    (fp_line (start 1.88 -0.98) (end 1.88 0.98) (layer F.CrtYd) (width 0.05))
    (fp_line (start -1.88 -0.98) (end 1.88 -0.98) (layer F.CrtYd) (width 0.05))
    (fp_line (start -1.88 0.98) (end -1.88 -0.98) (layer F.CrtYd) (width 0.05))
    (fp_line (start -0.261252 0.735) (end 0.261252 0.735) (layer F.SilkS) (width 0.12))
    (fp_line (start -0.261252 -0.735) (end 0.261252 -0.735) (layer F.SilkS) (width 0.12))
    (fp_line (start 1 0.625) (end -1 0.625) (layer F.Fab) (width 0.1))
    (fp_line (start 1 -0.625) (end 1 0.625) (layer F.Fab) (width 0.1))
    (fp_line (start -1 -0.625) (end 1 -0.625) (layer F.Fab) (width 0.1))
    (fp_line (start -1 0.625) (end -1 -0.625) (layer F.Fab) (width 0.1))
    (fp_text user %R (at 0 0 90) (layer F.Fab)
      (effects (font (size 0.5 0.5) (thickness 0.08)))
    )
    (pad 1 smd roundrect (at -1.0375 0 270) (size 1.175 1.45) (layers F.Cu F.Paste F.Mask) (roundrect_rratio 0.2127659574468085)
      (net 4 GND))
    (pad 2 smd roundrect (at 1.0375 0 270) (size 1.175 1.45) (layers F.Cu F.Paste F.Mask) (roundrect_rratio 0.2127659574468085)
      (net 5 "Net-(C1-Pad2)"))
    (model ${KISYS3DMOD}/Capacitor_SMD.3dshapes/C_0805_2012Metric.wrl
      (at (xyz 0 0 0))
      (scale (xyz 1 1 1))
      (rotate (xyz 0 0 0))
    )
  )

  (module Capacitor_SMD:C_0805_2012Metric_Pad1.18x1.45mm_HandSolder (layer F.Cu) (tedit 5F68FEEF) (tstamp 60CA6BC2)
    (at 171.45 85.09 270)
    (descr "Capacitor SMD 0805 (2012 Metric), square (rectangular) end terminal, IPC_7351 nominal with elongated pad for handsoldering. (Body size source: IPC-SM-782 page 76, https://www.pcb-3d.com/wordpress/wp-content/uploads/ipc-sm-782a_amendment_1_and_2.pdf, https://docs.google.com/spreadsheets/d/1BsfQQcO9C6DZCsRaXUlFlo91Tg2WpOkGARC1WS5S8t0/edit?usp=sharing), generated with kicad-footprint-generator")
    (tags "capacitor handsolder")
    (path /60DD4EB7)
    (attr smd)
    (fp_text reference C1 (at 0 -1.68 90) (layer F.SilkS) hide
      (effects (font (size 1 1) (thickness 0.15)))
    )
    (fp_text value 0 (at 0 1.68 90) (layer F.Fab)
      (effects (font (size 1 1) (thickness 0.15)))
    )
    (fp_text user %R (at 0 0 90) (layer F.Fab)
      (effects (font (size 0.5 0.5) (thickness 0.08)))
    )
    (fp_line (start -1 0.625) (end -1 -0.625) (layer F.Fab) (width 0.1))
    (fp_line (start -1 -0.625) (end 1 -0.625) (layer F.Fab) (width 0.1))
    (fp_line (start 1 -0.625) (end 1 0.625) (layer F.Fab) (width 0.1))
    (fp_line (start 1 0.625) (end -1 0.625) (layer F.Fab) (width 0.1))
    (fp_line (start -0.261252 -0.735) (end 0.261252 -0.735) (layer F.SilkS) (width 0.12))
    (fp_line (start -0.261252 0.735) (end 0.261252 0.735) (layer F.SilkS) (width 0.12))
    (fp_line (start -1.88 0.98) (end -1.88 -0.98) (layer F.CrtYd) (width 0.05))
    (fp_line (start -1.88 -0.98) (end 1.88 -0.98) (layer F.CrtYd) (width 0.05))
    (fp_line (start 1.88 -0.98) (end 1.88 0.98) (layer F.CrtYd) (width 0.05))
    (fp_line (start 1.88 0.98) (end -1.88 0.98) (layer F.CrtYd) (width 0.05))
    (pad 2 smd roundrect (at 1.0375 0 270) (size 1.175 1.45) (layers F.Cu F.Paste F.Mask) (roundrect_rratio 0.2127659574468085)
      (net 5 "Net-(C1-Pad2)"))
    (pad 1 smd roundrect (at -1.0375 0 270) (size 1.175 1.45) (layers F.Cu F.Paste F.Mask) (roundrect_rratio 0.2127659574468085)
      (net 6 "Net-(C1-Pad1)"))
    (model ${KISYS3DMOD}/Capacitor_SMD.3dshapes/C_0805_2012Metric.wrl
      (at (xyz 0 0 0))
      (scale (xyz 1 1 1))
      (rotate (xyz 0 0 0))
    )
  )

  (module Inductor_THT:L_Toroid_Horizontal_D9.5mm_P15.00mm_Diameter10-5mm_Amidon-T37 (layer B.Cu) (tedit 5AE59B06) (tstamp 60C68184)
    (at 147.32 77.47 270)
    (descr "L_Toroid, Horizontal series, Radial, pin pitch=15.00mm, , diameter=9.524999999999999mm, Diameter10-5mm, Amidon-T37")
    (tags "L_Toroid Horizontal series Radial pin pitch 15.00mm  diameter 9.524999999999999mm Diameter10-5mm Amidon-T37")
    (path /6101115C)
    (fp_text reference L101 (at 13.97 3.81) (layer B.SilkS)
      (effects (font (size 1 1) (thickness 0.15)) (justify mirror))
    )
    (fp_text value 675n (at 7.5 -6.0125 270) (layer B.Fab)
      (effects (font (size 1 1) (thickness 0.15)) (justify mirror))
    )
    (fp_circle (center 7.5 0) (end 12.2625 0) (layer B.Fab) (width 0.1))
    (fp_circle (center 7.5 0) (end 10.1035 0) (layer B.Fab) (width 0.1))
    (fp_circle (center 7.5 0) (end 9.9835 0) (layer B.SilkS) (width 0.12))
    (fp_line (start 12.28485 0) (end 9.946859 -0.655614) (layer B.Fab) (width 0.1))
    (fp_line (start 11.643839 -2.392361) (end 9.291263 -1.79118) (layer B.Fab) (width 0.1))
    (fp_line (start 9.892553 -4.143728) (end 8.155727 -2.446829) (layer B.Fab) (width 0.1))
    (fp_line (start 7.500222 -4.78485) (end 6.8445 -2.44689) (layer B.Fab) (width 0.1))
    (fp_line (start 5.107831 -4.143949) (end 5.708903 -1.791346) (layer B.Fab) (width 0.1))
    (fp_line (start 3.356383 -2.392745) (end 5.053201 -0.65584) (layer B.Fab) (width 0.1))
    (fp_line (start 2.71515 -0.000443) (end 5.05308 0.655387) (layer B.Fab) (width 0.1))
    (fp_line (start 3.35594 2.391977) (end 5.708571 1.791014) (layer B.Fab) (width 0.1))
    (fp_line (start 5.107063 4.143506) (end 6.844046 2.446768) (layer B.Fab) (width 0.1))
    (fp_line (start 7.499335 4.78485) (end 8.155274 2.44695) (layer B.Fab) (width 0.1))
    (fp_line (start 9.891785 4.144171) (end 9.290931 1.791512) (layer B.Fab) (width 0.1))
    (fp_line (start 11.643395 2.393129) (end 9.946738 0.656067) (layer B.Fab) (width 0.1))
    (fp_line (start 12.28485 0.000887) (end 9.946981 -0.65516) (layer B.Fab) (width 0.1))
    (fp_line (start -1.45 5.02) (end -1.45 -5.02) (layer B.CrtYd) (width 0.05))
    (fp_line (start -1.45 -5.02) (end 16.45 -5.02) (layer B.CrtYd) (width 0.05))
    (fp_line (start 16.45 -5.02) (end 16.45 5.02) (layer B.CrtYd) (width 0.05))
    (fp_line (start 16.45 5.02) (end -1.45 5.02) (layer B.CrtYd) (width 0.05))
    (fp_arc (start 7.5 0) (end 2.840901 1.46) (angle -145.20164) (layer B.SilkS) (width 0.12))
    (fp_arc (start 7.5 0) (end 2.840901 -1.46) (angle 145.20164) (layer B.SilkS) (width 0.12))
    (fp_text user %R (at 7.5 0 270) (layer B.Fab)
      (effects (font (size 1 1) (thickness 0.15)) (justify mirror))
    )
    (pad 1 thru_hole circle (at 0 0 270) (size 2.4 2.4) (drill 1.2) (layers *.Cu *.Mask)
      (net 3 "Net-(C104-Pad1)"))
    (pad 2 thru_hole circle (at 15 0 270) (size 2.4 2.4) (drill 1.2) (layers *.Cu *.Mask)
      (net 2 "Net-(C101-Pad2)"))
    (model ${KISYS3DMOD}/Inductor_THT.3dshapes/L_Toroid_Horizontal_D9.5mm_P15.00mm_Diameter10-5mm_Amidon-T37.wrl
      (at (xyz 0 0 0))
      (scale (xyz 1 1 1))
      (rotate (xyz 0 0 0))
    )
  )

  (module Capacitor_SMD:C_0805_2012Metric_Pad1.18x1.45mm_HandSolder (layer F.Cu) (tedit 5F68FEEF) (tstamp 60C65B7A)
    (at 153.035 91.44 180)
    (descr "Capacitor SMD 0805 (2012 Metric), square (rectangular) end terminal, IPC_7351 nominal with elongated pad for handsoldering. (Body size source: IPC-SM-782 page 76, https://www.pcb-3d.com/wordpress/wp-content/uploads/ipc-sm-782a_amendment_1_and_2.pdf, https://docs.google.com/spreadsheets/d/1BsfQQcO9C6DZCsRaXUlFlo91Tg2WpOkGARC1WS5S8t0/edit?usp=sharing), generated with kicad-footprint-generator")
    (tags "capacitor handsolder")
    (path /610124A8)
    (attr smd)
    (fp_text reference C101 (at 0 -1.68) (layer F.SilkS) hide
      (effects (font (size 1 1) (thickness 0.15)))
    )
    (fp_text value 1p (at 0 1.68) (layer F.Fab)
      (effects (font (size 1 1) (thickness 0.15)))
    )
    (fp_line (start -1 0.625) (end -1 -0.625) (layer F.Fab) (width 0.1))
    (fp_line (start -1 -0.625) (end 1 -0.625) (layer F.Fab) (width 0.1))
    (fp_line (start 1 -0.625) (end 1 0.625) (layer F.Fab) (width 0.1))
    (fp_line (start 1 0.625) (end -1 0.625) (layer F.Fab) (width 0.1))
    (fp_line (start -0.261252 -0.735) (end 0.261252 -0.735) (layer F.SilkS) (width 0.12))
    (fp_line (start -0.261252 0.735) (end 0.261252 0.735) (layer F.SilkS) (width 0.12))
    (fp_line (start -1.88 0.98) (end -1.88 -0.98) (layer F.CrtYd) (width 0.05))
    (fp_line (start -1.88 -0.98) (end 1.88 -0.98) (layer F.CrtYd) (width 0.05))
    (fp_line (start 1.88 -0.98) (end 1.88 0.98) (layer F.CrtYd) (width 0.05))
    (fp_line (start 1.88 0.98) (end -1.88 0.98) (layer F.CrtYd) (width 0.05))
    (fp_text user %R (at 0 0) (layer F.Fab)
      (effects (font (size 0.5 0.5) (thickness 0.08)))
    )
    (pad 1 smd roundrect (at -1.0375 0 180) (size 1.175 1.45) (layers F.Cu F.Paste F.Mask) (roundrect_rratio 0.2127659574468085)
      (net 1 "Net-(C101-Pad1)"))
    (pad 2 smd roundrect (at 1.0375 0 180) (size 1.175 1.45) (layers F.Cu F.Paste F.Mask) (roundrect_rratio 0.2127659574468085)
      (net 2 "Net-(C101-Pad2)"))
    (model ${KISYS3DMOD}/Capacitor_SMD.3dshapes/C_0805_2012Metric.wrl
      (at (xyz 0 0 0))
      (scale (xyz 1 1 1))
      (rotate (xyz 0 0 0))
    )
  )

  (module Capacitor_SMD:C_0805_2012Metric_Pad1.18x1.45mm_HandSolder (layer F.Cu) (tedit 5F68FEEF) (tstamp 60C65A07)
    (at 157.48 82.55 90)
    (descr "Capacitor SMD 0805 (2012 Metric), square (rectangular) end terminal, IPC_7351 nominal with elongated pad for handsoldering. (Body size source: IPC-SM-782 page 76, https://www.pcb-3d.com/wordpress/wp-content/uploads/ipc-sm-782a_amendment_1_and_2.pdf, https://docs.google.com/spreadsheets/d/1BsfQQcO9C6DZCsRaXUlFlo91Tg2WpOkGARC1WS5S8t0/edit?usp=sharing), generated with kicad-footprint-generator")
    (tags "capacitor handsolder")
    (path /61013BE8)
    (attr smd)
    (fp_text reference C102 (at 0 -1.68 90) (layer F.SilkS) hide
      (effects (font (size 1 1) (thickness 0.15)))
    )
    (fp_text value 330p (at 0 1.68 90) (layer F.Fab)
      (effects (font (size 1 1) (thickness 0.15)))
    )
    (fp_line (start -1 0.625) (end -1 -0.625) (layer F.Fab) (width 0.1))
    (fp_line (start -1 -0.625) (end 1 -0.625) (layer F.Fab) (width 0.1))
    (fp_line (start 1 -0.625) (end 1 0.625) (layer F.Fab) (width 0.1))
    (fp_line (start 1 0.625) (end -1 0.625) (layer F.Fab) (width 0.1))
    (fp_line (start -0.261252 -0.735) (end 0.261252 -0.735) (layer F.SilkS) (width 0.12))
    (fp_line (start -0.261252 0.735) (end 0.261252 0.735) (layer F.SilkS) (width 0.12))
    (fp_line (start -1.88 0.98) (end -1.88 -0.98) (layer F.CrtYd) (width 0.05))
    (fp_line (start -1.88 -0.98) (end 1.88 -0.98) (layer F.CrtYd) (width 0.05))
    (fp_line (start 1.88 -0.98) (end 1.88 0.98) (layer F.CrtYd) (width 0.05))
    (fp_line (start 1.88 0.98) (end -1.88 0.98) (layer F.CrtYd) (width 0.05))
    (fp_text user %R (at 0 0 90) (layer F.Fab)
      (effects (font (size 0.5 0.5) (thickness 0.08)))
    )
    (pad 1 smd roundrect (at -1.0375 0 90) (size 1.175 1.45) (layers F.Cu F.Paste F.Mask) (roundrect_rratio 0.2127659574468085)
      (net 1 "Net-(C101-Pad1)"))
    (pad 2 smd roundrect (at 1.0375 0 90) (size 1.175 1.45) (layers F.Cu F.Paste F.Mask) (roundrect_rratio 0.2127659574468085)
      (net 6 "Net-(C1-Pad1)"))
    (model ${KISYS3DMOD}/Capacitor_SMD.3dshapes/C_0805_2012Metric.wrl
      (at (xyz 0 0 0))
      (scale (xyz 1 1 1))
      (rotate (xyz 0 0 0))
    )
  )

  (module Capacitor_SMD:C_0805_2012Metric_Pad1.18x1.45mm_HandSolder (layer F.Cu) (tedit 5F68FEEF) (tstamp 60C68104)
    (at 153.035 88.9 180)
    (descr "Capacitor SMD 0805 (2012 Metric), square (rectangular) end terminal, IPC_7351 nominal with elongated pad for handsoldering. (Body size source: IPC-SM-782 page 76, https://www.pcb-3d.com/wordpress/wp-content/uploads/ipc-sm-782a_amendment_1_and_2.pdf, https://docs.google.com/spreadsheets/d/1BsfQQcO9C6DZCsRaXUlFlo91Tg2WpOkGARC1WS5S8t0/edit?usp=sharing), generated with kicad-footprint-generator")
    (tags "capacitor handsolder")
    (path /610122AA)
    (attr smd)
    (fp_text reference C103 (at 0 1.905) (layer F.SilkS) hide
      (effects (font (size 1 1) (thickness 0.15)))
    )
    (fp_text value 1000p (at 0 1.68) (layer F.Fab)
      (effects (font (size 1 1) (thickness 0.15)))
    )
    (fp_line (start 1.88 0.98) (end -1.88 0.98) (layer F.CrtYd) (width 0.05))
    (fp_line (start 1.88 -0.98) (end 1.88 0.98) (layer F.CrtYd) (width 0.05))
    (fp_line (start -1.88 -0.98) (end 1.88 -0.98) (layer F.CrtYd) (width 0.05))
    (fp_line (start -1.88 0.98) (end -1.88 -0.98) (layer F.CrtYd) (width 0.05))
    (fp_line (start -0.261252 0.735) (end 0.261252 0.735) (layer F.SilkS) (width 0.12))
    (fp_line (start -0.261252 -0.735) (end 0.261252 -0.735) (layer F.SilkS) (width 0.12))
    (fp_line (start 1 0.625) (end -1 0.625) (layer F.Fab) (width 0.1))
    (fp_line (start 1 -0.625) (end 1 0.625) (layer F.Fab) (width 0.1))
    (fp_line (start -1 -0.625) (end 1 -0.625) (layer F.Fab) (width 0.1))
    (fp_line (start -1 0.625) (end -1 -0.625) (layer F.Fab) (width 0.1))
    (fp_text user %R (at 0 0) (layer F.Fab)
      (effects (font (size 0.5 0.5) (thickness 0.08)))
    )
    (pad 2 smd roundrect (at 1.0375 0 180) (size 1.175 1.45) (layers F.Cu F.Paste F.Mask) (roundrect_rratio 0.2127659574468085)
      (net 2 "Net-(C101-Pad2)"))
    (pad 1 smd roundrect (at -1.0375 0 180) (size 1.175 1.45) (layers F.Cu F.Paste F.Mask) (roundrect_rratio 0.2127659574468085)
      (net 1 "Net-(C101-Pad1)"))
    (model ${KISYS3DMOD}/Capacitor_SMD.3dshapes/C_0805_2012Metric.wrl
      (at (xyz 0 0 0))
      (scale (xyz 1 1 1))
      (rotate (xyz 0 0 0))
    )
  )

  (module Capacitor_SMD:C_0805_2012Metric_Pad1.18x1.45mm_HandSolder (layer F.Cu) (tedit 5F68FEEF) (tstamp 60C65CAC)
    (at 143.51 85.09 270)
    (descr "Capacitor SMD 0805 (2012 Metric), square (rectangular) end terminal, IPC_7351 nominal with elongated pad for handsoldering. (Body size source: IPC-SM-782 page 76, https://www.pcb-3d.com/wordpress/wp-content/uploads/ipc-sm-782a_amendment_1_and_2.pdf, https://docs.google.com/spreadsheets/d/1BsfQQcO9C6DZCsRaXUlFlo91Tg2WpOkGARC1WS5S8t0/edit?usp=sharing), generated with kicad-footprint-generator")
    (tags "capacitor handsolder")
    (path /61011C20)
    (attr smd)
    (fp_text reference C104 (at 3.81 0 180) (layer F.SilkS) hide
      (effects (font (size 1 1) (thickness 0.15)))
    )
    (fp_text value 360p (at 0 1.68 90) (layer F.Fab)
      (effects (font (size 1 1) (thickness 0.15)))
    )
    (fp_line (start -1 0.625) (end -1 -0.625) (layer F.Fab) (width 0.1))
    (fp_line (start -1 -0.625) (end 1 -0.625) (layer F.Fab) (width 0.1))
    (fp_line (start 1 -0.625) (end 1 0.625) (layer F.Fab) (width 0.1))
    (fp_line (start 1 0.625) (end -1 0.625) (layer F.Fab) (width 0.1))
    (fp_line (start -0.261252 -0.735) (end 0.261252 -0.735) (layer F.SilkS) (width 0.12))
    (fp_line (start -0.261252 0.735) (end 0.261252 0.735) (layer F.SilkS) (width 0.12))
    (fp_line (start -1.88 0.98) (end -1.88 -0.98) (layer F.CrtYd) (width 0.05))
    (fp_line (start -1.88 -0.98) (end 1.88 -0.98) (layer F.CrtYd) (width 0.05))
    (fp_line (start 1.88 -0.98) (end 1.88 0.98) (layer F.CrtYd) (width 0.05))
    (fp_line (start 1.88 0.98) (end -1.88 0.98) (layer F.CrtYd) (width 0.05))
    (fp_text user %R (at 0 0 90) (layer F.Fab)
      (effects (font (size 0.5 0.5) (thickness 0.08)))
    )
    (pad 1 smd roundrect (at -1.0375 0 270) (size 1.175 1.45) (layers F.Cu F.Paste F.Mask) (roundrect_rratio 0.2127659574468085)
      (net 3 "Net-(C104-Pad1)"))
    (pad 2 smd roundrect (at 1.0375 0 270) (size 1.175 1.45) (layers F.Cu F.Paste F.Mask) (roundrect_rratio 0.2127659574468085)
      (net 4 GND))
    (model ${KISYS3DMOD}/Capacitor_SMD.3dshapes/C_0805_2012Metric.wrl
      (at (xyz 0 0 0))
      (scale (xyz 1 1 1))
      (rotate (xyz 0 0 0))
    )
  )

  (module Capacitor_SMD:C_0805_2012Metric_Pad1.18x1.45mm_HandSolder (layer F.Cu) (tedit 5F68FEEF) (tstamp 60C65A37)
    (at 160.02 87.63 270)
    (descr "Capacitor SMD 0805 (2012 Metric), square (rectangular) end terminal, IPC_7351 nominal with elongated pad for handsoldering. (Body size source: IPC-SM-782 page 76, https://www.pcb-3d.com/wordpress/wp-content/uploads/ipc-sm-782a_amendment_1_and_2.pdf, https://docs.google.com/spreadsheets/d/1BsfQQcO9C6DZCsRaXUlFlo91Tg2WpOkGARC1WS5S8t0/edit?usp=sharing), generated with kicad-footprint-generator")
    (tags "capacitor handsolder")
    (path /61013040)
    (attr smd)
    (fp_text reference C105 (at 0 -1.68 270) (layer F.SilkS) hide
      (effects (font (size 1 1) (thickness 0.15)))
    )
    (fp_text value 620p (at 0 1.68 270) (layer F.Fab)
      (effects (font (size 1 1) (thickness 0.15)))
    )
    (fp_line (start 1.88 0.98) (end -1.88 0.98) (layer F.CrtYd) (width 0.05))
    (fp_line (start 1.88 -0.98) (end 1.88 0.98) (layer F.CrtYd) (width 0.05))
    (fp_line (start -1.88 -0.98) (end 1.88 -0.98) (layer F.CrtYd) (width 0.05))
    (fp_line (start -1.88 0.98) (end -1.88 -0.98) (layer F.CrtYd) (width 0.05))
    (fp_line (start -0.261252 0.735) (end 0.261252 0.735) (layer F.SilkS) (width 0.12))
    (fp_line (start -0.261252 -0.735) (end 0.261252 -0.735) (layer F.SilkS) (width 0.12))
    (fp_line (start 1 0.625) (end -1 0.625) (layer F.Fab) (width 0.1))
    (fp_line (start 1 -0.625) (end 1 0.625) (layer F.Fab) (width 0.1))
    (fp_line (start -1 -0.625) (end 1 -0.625) (layer F.Fab) (width 0.1))
    (fp_line (start -1 0.625) (end -1 -0.625) (layer F.Fab) (width 0.1))
    (fp_text user %R (at 0 0 270) (layer F.Fab)
      (effects (font (size 0.5 0.5) (thickness 0.08)))
    )
    (pad 2 smd roundrect (at 1.0375 0 270) (size 1.175 1.45) (layers F.Cu F.Paste F.Mask) (roundrect_rratio 0.2127659574468085)
      (net 1 "Net-(C101-Pad1)"))
    (pad 1 smd roundrect (at -1.0375 0 270) (size 1.175 1.45) (layers F.Cu F.Paste F.Mask) (roundrect_rratio 0.2127659574468085)
      (net 4 GND))
    (model ${KISYS3DMOD}/Capacitor_SMD.3dshapes/C_0805_2012Metric.wrl
      (at (xyz 0 0 0))
      (scale (xyz 1 1 1))
      (rotate (xyz 0 0 0))
    )
  )

  (module Capacitor_SMD:C_0805_2012Metric_Pad1.18x1.45mm_HandSolder (layer F.Cu) (tedit 5F68FEEF) (tstamp 60C65A67)
    (at 160.02 82.55 90)
    (descr "Capacitor SMD 0805 (2012 Metric), square (rectangular) end terminal, IPC_7351 nominal with elongated pad for handsoldering. (Body size source: IPC-SM-782 page 76, https://www.pcb-3d.com/wordpress/wp-content/uploads/ipc-sm-782a_amendment_1_and_2.pdf, https://docs.google.com/spreadsheets/d/1BsfQQcO9C6DZCsRaXUlFlo91Tg2WpOkGARC1WS5S8t0/edit?usp=sharing), generated with kicad-footprint-generator")
    (tags "capacitor handsolder")
    (path /610144FF)
    (attr smd)
    (fp_text reference C106 (at 0 1.905 270) (layer F.SilkS) hide
      (effects (font (size 1 1) (thickness 0.15)))
    )
    (fp_text value 470p (at 0 1.68 270) (layer F.Fab)
      (effects (font (size 1 1) (thickness 0.15)))
    )
    (fp_line (start 1.88 0.98) (end -1.88 0.98) (layer F.CrtYd) (width 0.05))
    (fp_line (start 1.88 -0.98) (end 1.88 0.98) (layer F.CrtYd) (width 0.05))
    (fp_line (start -1.88 -0.98) (end 1.88 -0.98) (layer F.CrtYd) (width 0.05))
    (fp_line (start -1.88 0.98) (end -1.88 -0.98) (layer F.CrtYd) (width 0.05))
    (fp_line (start -0.261252 0.735) (end 0.261252 0.735) (layer F.SilkS) (width 0.12))
    (fp_line (start -0.261252 -0.735) (end 0.261252 -0.735) (layer F.SilkS) (width 0.12))
    (fp_line (start 1 0.625) (end -1 0.625) (layer F.Fab) (width 0.1))
    (fp_line (start 1 -0.625) (end 1 0.625) (layer F.Fab) (width 0.1))
    (fp_line (start -1 -0.625) (end 1 -0.625) (layer F.Fab) (width 0.1))
    (fp_line (start -1 0.625) (end -1 -0.625) (layer F.Fab) (width 0.1))
    (fp_text user %R (at 0 0 270) (layer F.Fab)
      (effects (font (size 0.5 0.5) (thickness 0.08)))
    )
    (pad 2 smd roundrect (at 1.0375 0 90) (size 1.175 1.45) (layers F.Cu F.Paste F.Mask) (roundrect_rratio 0.2127659574468085)
      (net 6 "Net-(C1-Pad1)"))
    (pad 1 smd roundrect (at -1.0375 0 90) (size 1.175 1.45) (layers F.Cu F.Paste F.Mask) (roundrect_rratio 0.2127659574468085)
      (net 4 GND))
    (model ${KISYS3DMOD}/Capacitor_SMD.3dshapes/C_0805_2012Metric.wrl
      (at (xyz 0 0 0))
      (scale (xyz 1 1 1))
      (rotate (xyz 0 0 0))
    )
  )

  (module Connector_PinHeader_2.54mm:PinHeader_1x04_P2.54mm_Vertical (layer B.Cu) (tedit 59FED5CC) (tstamp 60C64953)
    (at 139.7 81.28 180)
    (descr "Through hole straight pin header, 1x04, 2.54mm pitch, single row")
    (tags "Through hole pin header THT 1x04 2.54mm single row")
    (path /6101E0B1)
    (fp_text reference J101 (at 0 2.33) (layer B.SilkS)
      (effects (font (size 1 1) (thickness 0.15)) (justify mirror))
    )
    (fp_text value TRX (at 0 -9.95) (layer B.Fab)
      (effects (font (size 1 1) (thickness 0.15)) (justify mirror))
    )
    (fp_line (start -0.635 1.27) (end 1.27 1.27) (layer B.Fab) (width 0.1))
    (fp_line (start 1.27 1.27) (end 1.27 -8.89) (layer B.Fab) (width 0.1))
    (fp_line (start 1.27 -8.89) (end -1.27 -8.89) (layer B.Fab) (width 0.1))
    (fp_line (start -1.27 -8.89) (end -1.27 0.635) (layer B.Fab) (width 0.1))
    (fp_line (start -1.27 0.635) (end -0.635 1.27) (layer B.Fab) (width 0.1))
    (fp_line (start -1.33 -8.95) (end 1.33 -8.95) (layer B.SilkS) (width 0.12))
    (fp_line (start -1.33 -1.27) (end -1.33 -8.95) (layer B.SilkS) (width 0.12))
    (fp_line (start 1.33 -1.27) (end 1.33 -8.95) (layer B.SilkS) (width 0.12))
    (fp_line (start -1.33 -1.27) (end 1.33 -1.27) (layer B.SilkS) (width 0.12))
    (fp_line (start -1.33 0) (end -1.33 1.33) (layer B.SilkS) (width 0.12))
    (fp_line (start -1.33 1.33) (end 0 1.33) (layer B.SilkS) (width 0.12))
    (fp_line (start -1.8 1.8) (end -1.8 -9.4) (layer B.CrtYd) (width 0.05))
    (fp_line (start -1.8 -9.4) (end 1.8 -9.4) (layer B.CrtYd) (width 0.05))
    (fp_line (start 1.8 -9.4) (end 1.8 1.8) (layer B.CrtYd) (width 0.05))
    (fp_line (start 1.8 1.8) (end -1.8 1.8) (layer B.CrtYd) (width 0.05))
    (fp_text user %R (at 0 -3.81 270) (layer B.Fab)
      (effects (font (size 1 1) (thickness 0.15)) (justify mirror))
    )
    (pad 1 thru_hole rect (at 0 0 180) (size 1.7 1.7) (drill 1) (layers *.Cu *.Mask)
      (net 3 "Net-(C104-Pad1)"))
    (pad 2 thru_hole oval (at 0 -2.54 180) (size 1.7 1.7) (drill 1) (layers *.Cu *.Mask)
      (net 4 GND))
    (pad 3 thru_hole oval (at 0 -5.08 180) (size 1.7 1.7) (drill 1) (layers *.Cu *.Mask)
      (net 4 GND))
    (pad 4 thru_hole oval (at 0 -7.62 180) (size 1.7 1.7) (drill 1) (layers *.Cu *.Mask)
      (net 4 GND))
    (model ${KISYS3DMOD}/Connector_PinHeader_2.54mm.3dshapes/PinHeader_1x04_P2.54mm_Vertical.wrl
      (at (xyz 0 0 0))
      (scale (xyz 1 1 1))
      (rotate (xyz 0 0 0))
    )
  )

  (module Connector_PinHeader_2.54mm:PinHeader_1x04_P2.54mm_Vertical (layer B.Cu) (tedit 59FED5CC) (tstamp 60C659C9)
    (at 177.8 81.28 180)
    (descr "Through hole straight pin header, 1x04, 2.54mm pitch, single row")
    (tags "Through hole pin header THT 1x04 2.54mm single row")
    (path /61024C76)
    (fp_text reference J102 (at 0 2.33) (layer B.SilkS)
      (effects (font (size 1 1) (thickness 0.15)) (justify mirror))
    )
    (fp_text value TRX (at 0 -9.95) (layer B.Fab)
      (effects (font (size 1 1) (thickness 0.15)) (justify mirror))
    )
    (fp_line (start 1.8 1.8) (end -1.8 1.8) (layer B.CrtYd) (width 0.05))
    (fp_line (start 1.8 -9.4) (end 1.8 1.8) (layer B.CrtYd) (width 0.05))
    (fp_line (start -1.8 -9.4) (end 1.8 -9.4) (layer B.CrtYd) (width 0.05))
    (fp_line (start -1.8 1.8) (end -1.8 -9.4) (layer B.CrtYd) (width 0.05))
    (fp_line (start -1.33 1.33) (end 0 1.33) (layer B.SilkS) (width 0.12))
    (fp_line (start -1.33 0) (end -1.33 1.33) (layer B.SilkS) (width 0.12))
    (fp_line (start -1.33 -1.27) (end 1.33 -1.27) (layer B.SilkS) (width 0.12))
    (fp_line (start 1.33 -1.27) (end 1.33 -8.95) (layer B.SilkS) (width 0.12))
    (fp_line (start -1.33 -1.27) (end -1.33 -8.95) (layer B.SilkS) (width 0.12))
    (fp_line (start -1.33 -8.95) (end 1.33 -8.95) (layer B.SilkS) (width 0.12))
    (fp_line (start -1.27 0.635) (end -0.635 1.27) (layer B.Fab) (width 0.1))
    (fp_line (start -1.27 -8.89) (end -1.27 0.635) (layer B.Fab) (width 0.1))
    (fp_line (start 1.27 -8.89) (end -1.27 -8.89) (layer B.Fab) (width 0.1))
    (fp_line (start 1.27 1.27) (end 1.27 -8.89) (layer B.Fab) (width 0.1))
    (fp_line (start -0.635 1.27) (end 1.27 1.27) (layer B.Fab) (width 0.1))
    (fp_text user %R (at 0 -3.81 270) (layer B.Fab)
      (effects (font (size 1 1) (thickness 0.15)) (justify mirror))
    )
    (pad 4 thru_hole oval (at 0 -7.62 180) (size 1.7 1.7) (drill 1) (layers *.Cu *.Mask)
      (net 4 GND))
    (pad 3 thru_hole oval (at 0 -5.08 180) (size 1.7 1.7) (drill 1) (layers *.Cu *.Mask)
      (net 4 GND))
    (pad 2 thru_hole oval (at 0 -2.54 180) (size 1.7 1.7) (drill 1) (layers *.Cu *.Mask)
      (net 4 GND))
    (pad 1 thru_hole rect (at 0 0 180) (size 1.7 1.7) (drill 1) (layers *.Cu *.Mask)
      (net 5 "Net-(C1-Pad2)"))
    (model ${KISYS3DMOD}/Connector_PinHeader_2.54mm.3dshapes/PinHeader_1x04_P2.54mm_Vertical.wrl
      (at (xyz 0 0 0))
      (scale (xyz 1 1 1))
      (rotate (xyz 0 0 0))
    )
  )

  (module Inductor_THT:L_Toroid_Horizontal_D9.5mm_P15.00mm_Diameter10-5mm_Amidon-T37 (layer B.Cu) (tedit 5AE59B06) (tstamp 60C6597A)
    (at 158.75 92.47 90)
    (descr "L_Toroid, Horizontal series, Radial, pin pitch=15.00mm, , diameter=9.524999999999999mm, Diameter10-5mm, Amidon-T37")
    (tags "L_Toroid Horizontal series Radial pin pitch 15.00mm  diameter 9.524999999999999mm Diameter10-5mm Amidon-T37")
    (path /61013612)
    (fp_text reference L102 (at 1.03 -3.81) (layer B.SilkS)
      (effects (font (size 1 1) (thickness 0.15)) (justify mirror))
    )
    (fp_text value 243n (at 7.5 -6.0125 270) (layer B.Fab)
      (effects (font (size 1 1) (thickness 0.15)) (justify mirror))
    )
    (fp_line (start 16.45 5.02) (end -1.45 5.02) (layer B.CrtYd) (width 0.05))
    (fp_line (start 16.45 -5.02) (end 16.45 5.02) (layer B.CrtYd) (width 0.05))
    (fp_line (start -1.45 -5.02) (end 16.45 -5.02) (layer B.CrtYd) (width 0.05))
    (fp_line (start -1.45 5.02) (end -1.45 -5.02) (layer B.CrtYd) (width 0.05))
    (fp_line (start 12.28485 0.000887) (end 9.946981 -0.65516) (layer B.Fab) (width 0.1))
    (fp_line (start 11.643395 2.393129) (end 9.946738 0.656067) (layer B.Fab) (width 0.1))
    (fp_line (start 9.891785 4.144171) (end 9.290931 1.791512) (layer B.Fab) (width 0.1))
    (fp_line (start 7.499335 4.78485) (end 8.155274 2.44695) (layer B.Fab) (width 0.1))
    (fp_line (start 5.107063 4.143506) (end 6.844046 2.446768) (layer B.Fab) (width 0.1))
    (fp_line (start 3.35594 2.391977) (end 5.708571 1.791014) (layer B.Fab) (width 0.1))
    (fp_line (start 2.71515 -0.000443) (end 5.05308 0.655387) (layer B.Fab) (width 0.1))
    (fp_line (start 3.356383 -2.392745) (end 5.053201 -0.65584) (layer B.Fab) (width 0.1))
    (fp_line (start 5.107831 -4.143949) (end 5.708903 -1.791346) (layer B.Fab) (width 0.1))
    (fp_line (start 7.500222 -4.78485) (end 6.8445 -2.44689) (layer B.Fab) (width 0.1))
    (fp_line (start 9.892553 -4.143728) (end 8.155727 -2.446829) (layer B.Fab) (width 0.1))
    (fp_line (start 11.643839 -2.392361) (end 9.291263 -1.79118) (layer B.Fab) (width 0.1))
    (fp_line (start 12.28485 0) (end 9.946859 -0.655614) (layer B.Fab) (width 0.1))
    (fp_circle (center 7.5 0) (end 9.9835 0) (layer B.SilkS) (width 0.12))
    (fp_circle (center 7.5 0) (end 10.1035 0) (layer B.Fab) (width 0.1))
    (fp_circle (center 7.5 0) (end 12.2625 0) (layer B.Fab) (width 0.1))
    (fp_text user %R (at 7.5 0 270) (layer B.Fab)
      (effects (font (size 1 1) (thickness 0.15)) (justify mirror))
    )
    (fp_arc (start 7.5 0) (end 2.840901 -1.46) (angle 145.20164) (layer B.SilkS) (width 0.12))
    (fp_arc (start 7.5 0) (end 2.840901 1.46) (angle -145.20164) (layer B.SilkS) (width 0.12))
    (pad 2 thru_hole circle (at 15 0 90) (size 2.4 2.4) (drill 1.2) (layers *.Cu *.Mask)
      (net 6 "Net-(C1-Pad1)"))
    (pad 1 thru_hole circle (at 0 0 90) (size 2.4 2.4) (drill 1.2) (layers *.Cu *.Mask)
      (net 1 "Net-(C101-Pad1)"))
    (model ${KISYS3DMOD}/Inductor_THT.3dshapes/L_Toroid_Horizontal_D9.5mm_P15.00mm_Diameter10-5mm_Amidon-T37.wrl
      (at (xyz 0 0 0))
      (scale (xyz 1 1 1))
      (rotate (xyz 0 0 0))
    )
  )

  (dimension 6.35 (width 0.15) (layer Dwgs.User)
    (gr_text "6.350 mm" (at 132.05 78.105 90) (layer Dwgs.User)
      (effects (font (size 1 1) (thickness 0.15)))
    )
    (feature1 (pts (xy 139.7 74.93) (xy 132.763579 74.93)))
    (feature2 (pts (xy 139.7 81.28) (xy 132.763579 81.28)))
    (crossbar (pts (xy 133.35 81.28) (xy 133.35 74.93)))
    (arrow1a (pts (xy 133.35 74.93) (xy 133.936421 76.056504)))
    (arrow1b (pts (xy 133.35 74.93) (xy 132.763579 76.056504)))
    (arrow2a (pts (xy 133.35 81.28) (xy 133.936421 80.153496)))
    (arrow2b (pts (xy 133.35 81.28) (xy 132.763579 80.153496)))
  )
  (dimension 6.35 (width 0.15) (layer Dwgs.User)
    (gr_text "6.350 mm" (at 133.32 92.075 270) (layer Dwgs.User)
      (effects (font (size 1 1) (thickness 0.15)))
    )
    (feature1 (pts (xy 139.7 95.25) (xy 134.033579 95.25)))
    (feature2 (pts (xy 139.7 88.9) (xy 134.033579 88.9)))
    (crossbar (pts (xy 134.62 88.9) (xy 134.62 95.25)))
    (arrow1a (pts (xy 134.62 95.25) (xy 134.033579 94.123496)))
    (arrow1b (pts (xy 134.62 95.25) (xy 135.206421 94.123496)))
    (arrow2a (pts (xy 134.62 88.9) (xy 134.033579 90.026504)))
    (arrow2b (pts (xy 134.62 88.9) (xy 135.206421 90.026504)))
  )
  (dimension 20.32 (width 0.15) (layer Dwgs.User)
    (gr_text "20.320 mm" (at 125.7 85.09 270) (layer Dwgs.User)
      (effects (font (size 1 1) (thickness 0.15)))
    )
    (feature1 (pts (xy 147.32 95.25) (xy 126.413579 95.25)))
    (feature2 (pts (xy 147.32 74.93) (xy 126.413579 74.93)))
    (crossbar (pts (xy 127 74.93) (xy 127 95.25)))
    (arrow1a (pts (xy 127 95.25) (xy 126.413579 94.123496)))
    (arrow1b (pts (xy 127 95.25) (xy 127.586421 94.123496)))
    (arrow2a (pts (xy 127 74.93) (xy 126.413579 76.056504)))
    (arrow2b (pts (xy 127 74.93) (xy 127.586421 76.056504)))
  )
  (dimension 38.1 (width 0.15) (layer Dwgs.User)
    (gr_text "38.100 mm" (at 158.75 71.09) (layer Dwgs.User)
      (effects (font (size 1 1) (thickness 0.15)))
    )
    (feature1 (pts (xy 177.8 81.28) (xy 177.8 71.803579)))
    (feature2 (pts (xy 139.7 81.28) (xy 139.7 71.803579)))
    (crossbar (pts (xy 139.7 72.39) (xy 177.8 72.39)))
    (arrow1a (pts (xy 177.8 72.39) (xy 176.673496 72.976421)))
    (arrow1b (pts (xy 177.8 72.39) (xy 176.673496 71.803579)))
    (arrow2a (pts (xy 139.7 72.39) (xy 140.826504 72.976421)))
    (arrow2b (pts (xy 139.7 72.39) (xy 140.826504 71.803579)))
  )
  (dimension 43.18 (width 0.15) (layer Dwgs.User)
    (gr_text "43.180 mm" (at 158.75 104.17) (layer Dwgs.User)
      (effects (font (size 1 1) (thickness 0.15)))
    )
    (feature1 (pts (xy 180.34 85.09) (xy 180.34 103.456421)))
    (feature2 (pts (xy 137.16 85.09) (xy 137.16 103.456421)))
    (crossbar (pts (xy 137.16 102.87) (xy 180.34 102.87)))
    (arrow1a (pts (xy 180.34 102.87) (xy 179.213496 103.456421)))
    (arrow1b (pts (xy 180.34 102.87) (xy 179.213496 102.283579)))
    (arrow2a (pts (xy 137.16 102.87) (xy 138.286504 103.456421)))
    (arrow2b (pts (xy 137.16 102.87) (xy 138.286504 102.283579)))
  )
  (gr_line (start 138.43 95.25) (end 179.07 95.25) (layer Edge.Cuts) (width 0.05) (tstamp 60CA70AD))
  (gr_arc (start 138.43 93.98) (end 137.16 93.98) (angle -90) (layer Edge.Cuts) (width 0.05))
  (gr_line (start 180.34 93.98) (end 180.34 76.2) (layer Edge.Cuts) (width 0.05) (tstamp 60C66361))
  (gr_text m (at 156.21 86.36) (layer F.SilkS)
    (effects (font (size 3 3) (thickness 0.4)))
  )
  (gr_poly (pts (xy 153.67 87.63) (xy 146.05 87.63) (xy 146.05 80.01) (xy 153.67 80.01)) (layer F.SilkS) (width 0.1))
  (gr_line (start 137.16 76.2) (end 137.16 93.98) (layer Edge.Cuts) (width 0.05) (tstamp 60C66363))
  (gr_line (start 179.07 74.93) (end 138.43 74.93) (layer Edge.Cuts) (width 0.05) (tstamp 60C66362))
  (gr_arc (start 179.07 93.98) (end 179.07 95.25) (angle -90) (layer Edge.Cuts) (width 0.05))
  (gr_arc (start 138.43 76.2) (end 138.43 74.93) (angle -90) (layer Edge.Cuts) (width 0.05))
  (gr_arc (start 179.07 76.2) (end 180.34 76.2) (angle -90) (layer Edge.Cuts) (width 0.05))

  (segment (start 154.0725 88.9) (end 154.0725 91.44) (width 0.5) (layer F.Cu) (net 1))
  (segment (start 155.1025 92.47) (end 154.0725 91.44) (width 0.5) (layer F.Cu) (net 1))
  (segment (start 158.75 90.17) (end 158.75 92.47) (width 0.5) (layer F.Cu) (net 1))
  (segment (start 157.48 88.9) (end 158.75 90.17) (width 0.5) (layer F.Cu) (net 1))
  (segment (start 157.48 83.5875) (end 157.48 88.9) (width 0.5) (layer F.Cu) (net 1))
  (segment (start 158.75 90.17) (end 160.02 88.9) (width 0.5) (layer F.Cu) (net 1))
  (segment (start 160.02 88.9) (end 160.02 88.6675) (width 0.5) (layer F.Cu) (net 1))
  (segment (start 158.75 92.47) (end 155.1025 92.47) (width 0.5) (layer F.Cu) (net 1))
  (segment (start 150.9675 92.47) (end 151.9975 91.44) (width 0.5) (layer F.Cu) (net 2))
  (segment (start 151.9975 88.9) (end 151.9975 91.44) (width 0.5) (layer F.Cu) (net 2))
  (segment (start 147.32 92.47) (end 150.9675 92.47) (width 0.5) (layer F.Cu) (net 2))
  (segment (start 157.48 78.74) (end 158.75 77.47) (width 0.5) (layer F.Cu) (net 6))
  (segment (start 157.48 81.5125) (end 157.48 78.74) (width 0.5) (layer F.Cu) (net 6))
  (segment (start 157.48 81.5125) (end 160.02 81.5125) (width 0.5) (layer F.Cu) (net 6))
